 44915.341459683885  459.0041946491695 
 35137.45626032039  440.2560177726859 
 33327.344519503415  736.3317737265053 
 43188.04598462157  1039.5797675157532 
 39247.80405621175  735.5376056006036 
 36886.259333020214  771.86291002087 
 41786.97851118583  1452.0770159921085 
 42906.97973091097  722.668543214479 
 39259.300587757636  809.3802837671776 
 39748.39037398641  808.0920253088876 
 41505.41979863604  510.4331240695308 
 39262.51041339197  726.0635495204652 
 38536.64747835734  609.2035473638945 
 36694.26501746645  1140.9130989390985 
 39084.09784346057  518.1764321108425 
 37609.15021457114  570.4041470766441 
 38742.22941685517  1240.5421647001542 
 36752.45688975259  612.3668642880233 
